115.03369913165973
133.24400820554467
106.46208739593746
94.06778536984433
59.38482757988973
99.23074281135975
76.38619713894754
75.45207856553517
71.31284318856105
90.77713668156055
116.83580110974484
100.35269673595013
128.64373884969956
57.87453950609082
44.49514601925209
82.49566126258932
91.91726330539048
81.51782651149148
86.86115659961625
114.46091110777866
89.81174747938104
75.04853330374796
106.13969896750527
101.99472365156336
116.79543788292489
66.75831993336556
60.262671840199864
117.99010383971242
47.626567159393474
89.27918068745467
74.78777964738444
109.31913857378696
128.9031694107569
84.90216740205298
108.64014599634824
174.89296926070324
85.50203593971054
90.82760783959462
102.49049657538848
103.85937189063897
135.7999868470779
103.03475472374203
154.3248330127253
74.61155826158056
104.49385322860995
86.26053802740462
93.78150301294596
74.35926919150046
111.31234575775763
73.82163258814725
94.45601532672424
125.54107077887956
65.50610621183006
110.16269219408466
111.31788301617475
130.1976353810261
85.21705394021431
84.34004359289273
104.5790309213704
78.58442527346344
100.34978329073778
93.89948655822764
113.58801834458802
67.80449038498394
111.0401280592221
45.83035744992747
149.54170902623667
119.14873663207952
127.66024000792439
74.92596601928054
63.275235331481525
116.25141777306304
100.08755056303345
93.27860480555371
66.81158174380847
68.18710389470817
63.344905049078356
89.61001872632286
83.67574655878805
111.21410957252007
58.53517483467728
54.77585474697596
119.8040928800543
131.2958779508121
123.49769974750123
75.77656971135022
125.06300329261043
107.29654691734076
50.53247184184178
97.80093777780183
82.79104748054905
117.29292946073747
71.23258619516093
83.49797002104803
71.34622892658292
108.79656860807714
90.50179500715419
58.98872114495973
81.96610245394066
85.7790035503721
